2711
2876
2597
3284
210
1928
465
740
2609
108
179
2225
422
3239
1956
2924
1722
3545
735
3231
2326
784
577
1610
1279
938
1607
1532
152
1047
2004
529
252
2583
2981
96
2520
3817
1501
914
3384
480
361
413
1758
1673
204
2261
3186
3247
1547
87
3141
50
2080
381
3519
3834
1729
3145
1921
2223
652
1401
3066
3271
1759
857
2835
724
2917
3713
3320
490
2977
1128
125
2587
2616
238
3434
3596
2542
52
3527
1519
3032
2212
1775
3731
3146
850
2577
3019
2417
1331
970
2676
1676
3710
2442
3484
2742
3274
2519
447
3659
3786
1558
2774
1637
3704
3081
497
1556
1748
3318
1049
2016
3520
3705
3662
3669
3349
3815
922
1322
3164
720
3587
747
368
3650
2011
3512
3654
2958
2782
834
2235
1982
79
1043
438
3237
3354
1056
2739
1264
3288
2693
3749
2297
1256
2145
1464
1684
1507
1063
420
2859
236
858
2860
2807
2853
2925
792
2773
3385
40
3094
2730
3557
223
1645
3542
1182
2178
114
2009
189
3517
2286
772
514
3001
472
3249
1369
1475
2335
2914
416
2203
3758
3193
2267
728
3514
968
181
3653
2890
3570
240
3102
487
1303
2610
1686
3348
3574
3137
1776
2909
2349
1973
1794
2252
3018
1965
3608
3215
3002
3487
3500
2256
1967
394
3606
2273
323
1446
1310
912
1625
1697
2186
2471
3675
1163
1987
3042
3285
846
68
306
3341
2524
2692
2674
249
2888
16
209
1272
2198
3723
1955
3262
1091
2002
3423
61
375
444
3272
1885
2010
638
1835
1090
1597
2675
242
1506
1736
1151
2063
767
436
158
2919
1618
3546
591
3250
1917
559
1106
29
959
1984
524
1631
262
2677
580
2254
3197
406
3714
3425
770
1216
773
1830
3338
885
1066
2756
2968
2990
2064
1321
3153
3106
2951
1085
902
104
710
278
2619
2185
1529
2445
568
1117
853
1620
3200
2559
222
3358
946
1533
193
423
1606
1674
2856
2153
976
2015
2414
3132
860
2845
1232
2039
2933
443
373
231
148
1100
3576
595
2487
2871
3508
993
1142
1379
3099
893
1209
975
315
2537
981
1019
1456
2290
2826
2795
2463
1842
19
2345
1750
837
1041
1660
3565
743
1248
1914
203
829
3294
196
417
1092
1785
60
3532
940
1327
448
2850
2560
153
2591
3374
1710
1002
2760
3362
1386
3787
3144
1076
1961
2785
232
971
2320
3122
2152
2706
1308
3603
962
950
2731
2903
1080
2172
1930
3766
230
1113
1998
3269
2201
2457
2900
672
806
2499
1672
3782
3800
2938
3414
1798
138
3789
1390
2907
2306
3377
924
697
3031
3212
2477
3495
704
1818
1871
245
2046
1891
2041
3124
790
1156
3151
128
2777
569
611
1345
3104
2088
3142
2150
3479
2787
3263
3314
641
3730
2053
1904
1800
2229
1122
651
3759
953
1021
2237
3134
2765
1600
754
1837
3583
33
3058
418
432
2343
407
1293
274
2599
1099
2636
2967
2615
2263
2166
3329
1963
3046
3222
2318
3307
1870
3163
1114
1594
684
1807
2127
3217
1230
3647
937
2317
3025
3452
1515
689
1215
80
1829
1207
3743
3183
814
3634
3257
2893
1208
1372
292
384
2412
3793
1378
859
3451
1587
3321
1037
733
1075
1333
302
3053
1366
3319
3537
2209
3559
3196
2110
59
3544
2940
1195
2274
2574
2108
220
1459
3392
2298
715
1496
2093
563
2391
1214
2658
2121
1760
1413
2443
3602
228
3289
1205
3808
1706
686
1241
664
3757
1650
1687
2319
1289
555
1732
2842
602
3456
386
1167
427
3129
928
2666
2529
2293
2779
1254
270
1997
3119
3170
1433
841
3533
804
1460
586
2752
1284
1626
106
2329
1623
3581
3444
1593
3807
1725
1298
3494
1821
1585
2242
2840
1311
3620
1609
3578
85
2668
838
974
1898
1599
3159
1972
1190
3676
1682
1839
1498
1262
2533
1101
2422
1409
2716
2103
1367
1249
557
3356
1596
896
3516
620
2189
1641
2156
3290
2654
379
1309
2476
3795
241
2892
312
2486
2929
2218
779
1255
3252
776
1393
1731
211
3447
3518
258
2649
2780
2344
342
1802
2671
888
1704
1505
862
1619
1487
799
3750
549
2091
1268
1329
3379
2937
3062
1695
1472
3624
1890
2190
3068
101
2681
3115
603
433
3397
696
1198
2843
1145
1635
881
873
2576
2361
2332
1769
2501
848
475
1730
2452
260
3441
955
1960
3080
2116
757
414
1489
910
656
2525
3400
3580
2659
2315
1646
2032
2204
3121
1613
2106
1281
2227
1512
587
2755
2426
2622
699
1939
167
3663
3332
3016
3245
967
1912
589
286
655
1040
2312
3752
1755
2748
886
972
1751
1946
2396
2939
2048
1186
2403
1616
604
2393
298
2952
2140
1932
2022
1897
1204
2916
13
1096
629
2324
387
3529
2880
800
610
3037
1724
1945
1577
2822
1471
1708
2526
3322
1078
3143
149
2624
2441
118
3779
121
2861
2857
2565
3575
1941
2233
3599
2935
3755
3406
3410
7
2783
3174
1868
2179
464
1901
1714
785
548
2401
383
1143
2849
1275
1933
3398
3127
3277
229
1210
348
1439
3767
2634
3120
1338
3432
1266
277
3389
259
1522
2895
482
2726
3260
1199
2932
2265
1316
1643
2295
2
2222
1339
1273
3809
3741
3189
2120
3369
998
2494
1135
899
426
3645
378
1244
2169
646
3098
1082
3029
1097
1418
1073
511
3021
1012
2250
2278
3485
1229
2606
3684
3748
2740
1627
1574
3401
1757
3357
453
2679
1895
44
2483
1412
3283
2921
1542
581
409
633
2847
2313
380
1952
2253
1737
2078
2607
337
2327
2044
496
2356
3275
3195
310
1231
1194
460
787
3427
2459
1493
440
3352
1996
649
2819
1089
1490
1683
297
2723
945
102
2700
520
255
3812
898
2029
3594
3182
2791
2769
3613
2370
3764
1042
3210
2957
2775
3601
341
2648
3605
2461
3078
3039
234
2407
22
3831
3112
1403
3797
3480
3022
3027
1553
3630
1282
926
693
1399
3832
2109
2941
401
1843
597
3739
2687
761
2905
1365
1640
3253
3024
3095
1823
749
2308
3796
3110
2167
2012
2491
2793
1395
3043
92
2640
479
2869
89
3794
3579
763
1052
2075
1931
1058
1332
3655
2915
3238
2236
2083
1350
2586
883
1576
1174
2307
3048
1675
2966
2758
1540
516
1402
3560
1423
1015
1971
1709
1252
1726
1589
3235
2000
1453
2188
2021
314
3740
1546
2593
2870
660
2699
1906
1778
794
2161
657
70
3457
2820
3498
1653
2975
3646
3811
3464
1452
1202
1916
2580
1518
1304
1803
836
3573
168
3299
437
2177
1867
2061
3064
2684
1485
3303
732
2738
247
887
3582
3405
2386
415
1655
2962
680
192
1793
360
2572
2436
764
3721
3541
3373
3157
3577
83
3241
3805
191
2578
1103
2481
1856
1919
2625
3678
2138
1426
2823
639
2072
367
1989
34
3672
2081
2359
2465
1330
1656
3567
1014
67
3643
405
2157
2408
3639
1959
2028
2927
2762
346
2104
1628
2247
1720
3381
2797
411
1259
2995
725
2546
2825
404
1502
412
594
3378
1173
1224
55
1588
2287
336
2470
1269
3259
2429
2629
340
2718
3422
542
3342
3286
1874
1999
1716
903
811
309
2090
995
1909
3069
2130
3660
263
1696
180
1604
2086
3799
2238
317
1441
2272
2980
2600
3383
1139
324
1253
1010
943
905
3453
2269
162
3033
1480
3302
1258
1387
492
3801
188
1791
3499
1278
3255
1159
2005
1651
3233
1560
2866
3273
3008
123
541
3637
1500
3472
3550
2117
3682
585
113
712
1744
1177
614
1550
1621
1858
3072
3296
3375
960
2696
98
2340
988
3005
1525
2588
169
2303
1450
2151
3244
2462
2956
573
2790
3234
2070
170
1541
3020
1271
473
3671
2557
3584
1491
3674
2701
1833
601
2698
1953
3724
377
2665
2789
827
916
3111
3396
947
2025
3598
1370
2854
136
2073
2382
2568
3309
3360
751
3310
3079
583
3569
2715
826
239
3442
2390
424
3780
1319
2119
3230
2745
3359
1723
1004
1129
2460
2380
523
525
2947
949
30
2134
2163
2965
1662
3627
2215
1790
2602
2554
2142
797
2570
1504
2931
729
627
119
3685
2102
3209
2800
1074
1894
3621
3050
2611
1147
977
2333
1806
1536
527
133
1132
3473
2043
1478
2283
3014
1780
1134
3087
2585
1954
2419
429
3125
1495
2168
1638
3530
3109
3113
2285
318
852
867
1824
18
2960
198
1743
3133
1520
3666
716
3083
2490
788
825
738
3336
2065
1841
1879
3756
855
20
3188
1170
2205
2405
2513
3589
1688
3300
1160
2014
3623
1299
1974
2504
2049
2736
402
11
3825
545
1301
227
774
2899
576
2045
3055
808
1083
3597
1622
1237
1382
3085
3790
3337
2243
1964
739
2887
2492
3181
371
644
3326
920
1018
3407
994
1740
2224
537
1430
1691
1061
2536
1069
332
1781
1742
1238
2292
280
95
3657
2113
964
2216
642
3148
781
2488
3368
963
3426
556
200
3418
2691
760
442
120
1326
1123
1873
1865
1907
3618
766
1343
679
1236
2522
2197
1828
2831
748
62
3816
2928
2219
869
3785
3509
1886
3168
3308
3677
2342
865
1009
2751
3695
2431
1189
1773
2107
1685
2694
2051
2685
796
1763
2036
1509
3688
2744
935
1112
2136
1836
3708
2211
3223
2271
759
1528
3135
830
1549
1048
1317
3430
911
1969
3515
2971
3015
3612
139
736
2341
1779
502
966
3412
224
109
1805
1087
2517
3543
2433
908
2571
2040
2071
932
3391
1240
2516
1137
554
349
2614
1486
1005
2147
217
3107
3367
3105
1882
918
1161
1590
2336
2074
3204
2620
1175
778
1152
3065
750
58
3747
2944
552
1211
3242
434
2282
3783
835
3507
3353
2540
828
1165
1286
1104
3711
2232
321
243
3446
2321
584
605
969
3292
2567
2373
1850
1872
45
2453
645
3070
3547
14
3470
2910
3501
3835
1690
1847
284
2170
1980
1595
2206
1011
2662
2195
1260
2872
3167
2617
2651
3798
235
1404
1109
530
1992
931
265
3093
376
518
3461
1380
2998
1699
3670
2175
3267
3060
3829
1396
2976
2728
1407
1070
393
2302
2406
288
347
3166
2792
1172
2059
3324
3822
3609
495
157
3555
2095
2697
884
1028
819
615
1927
687
3561
1700
1508
3549
3084
3305
1220
2814
3312
3395
71
3629
1411
1668
271
183
56
171
877
3686
2970
3339
1072
2432
2230
1761
2637
1910
3701
1752
1719
533
3372
596
1034
3772
2472
1573
2922
1513
1958
618
3729
338
3823
1045
2337
1348
462
49
291
2645
3082
501
410
795
2277
711
2288
842
3566
875
1911
956
1449
2514
519
1093
2446
2945
3481
1689
593
353
3460
1568
3281
3667
2603
3301
428
2510
1431
2149
506
1713
3343
1580
316
802
599
1454
1787
723
1521
675
2705
1435
1772
1200
1325
3091
2241
798
2133
991
2266
1466
2838
2770
2764
3123
1371
2506
2137
3522
1363
2310
327
1406
547
1197
1811
2331
2348
1029
2852
1849
3652
1242
1728
665
3071
3681
1947
2296
3649
2281
3436
1926
666
2833
1188
2621
474
2047
1764
3763
37
1107
863
647
3804
3316
930
399
532
2505
1025
3175
2781
3382
1213
140
2750
1937
1944
2708
3363
2553
1598
1970
1251
2901
82
813
987
1302
3417
2734
3331
1429
2673
561
3821
3737
1408
1391
2844
2055
26
817
441
1064
2430
1357
2350
2291
2466
2830
1149
3419
1976
616
709
1572
1088
2262
2275
31
195
1767
392
546
1692
10
1900
3138
374
2364
226
980
261
3126
3177
1786
2034
2515
2128
1942
457
648
2720
72
2020
1539
25
1861
1340
2220
744
1030
2589
3155
3728
3004
941
612
939
331
565
1181
2052
3361
435
2539
2703
1530
1203
382
3468
2069
159
847
1125
2882
2058
3651
2362
1038
2502
237
2663
2953
1929
2747
2027
1297
768
99
1474
3010
3026
1245
2642
2246
2347
2544
3536
1614
156
3552
904
3268
3424
843
208
493
1171
1356
359
1851
2879
2171
2683
1033
2474
111
2613
1677
3327
3449
3240
3734
2478
658
2421
1046
845
572
3184
3490
1126
15
1562
351
2531
2176
745
1717
1178
1845
1766
1563
2428
2231
2392
1678
400
1826
3691
1777
3819
2180
166
3534
3232
3023
2496
219
2768
24
2304
2573
1323
2891
1335
2371
1994
485
1342
2832
3028
1484
1243
3045
508
2575
1067
3011
2489
1712
3648
1226
2026
3777
2378
3162
3617
177
2655
2003
1852
2727
1290
909
178
175
456
1783
94
2276
3525
3692
2664
1523
588
1774
350
1368
1084
273
1448
1756
734
358
3466
419
3100
3
3114
1581
989
2192
517
2815
1476
1694
2400
269
3287
2788
3707
3622
3679
3202
1499
2737
165
3034
2411
714
1935
2420
2761
1859
2725
3538
2735
3433
3013
1007
866
63
2376
3393
682
1349
2712
3632
1016
445
253
2894
1095
2105
3220
809
1985
2710
3440
1312
1051
1153
2969
1889
2042
1738
3225
1154
1654
2438
2949
879
1307
894
3437
1497
1144
2434
1816
2868
1514
3556
345
1548
3513
439
2033
2753
2986
2974
2920
65
578
3007
5
3256
326
2713
1848
3128
3694
2450
3732
2097
1883
3190
659
1492
2493
2743
3206
2757
408
2848
3521
1419
2467
3553
3554
2311
3712
2985
1328
3251
1516
1792
1822
362
1212
2596
3810
272
1250
528
1055
3191
470
3351
1457
1804
643
3658
2936
3335
550
2778
3012
2257
2509
1698
1000
1164
69
2437
2164
1313
634
3788
2060
3147
3411
1291
469
2258
3615
895
2686
3745
752
1261
42
1825
2158
103
3820
2767
3399
3376
2799
2997
815
489
3334
130
3049
1157
2187
3683
357
1168
609
2749
2563
127
150
1267
1300
1467
824
2874
363
1658
1770
1565
625
2485
1661
690
1405
2379
944
370
3088
146
961
663
892
1176
1571
1398
2208
624
718
783
1364
1746
1385
3052
553
3510
2398
3333
1950
3108
3497
882
421
2818
1180
1855
3626
579
477
2561
2497
1324
333
2399
330
1436
214
1057
3524
2806
3465
876
2992
3806
2500
1065
509
3715
1749
1246
2448
3040
3394
2210
484
3276
1223
1105
2239
2143
3699
1771
1376
3610
2353
446
1934
2772
1948
1527
3139
4
2538
276
308
1633
2766
999
2316
1796
1993
1702
93
1263
3792
1381
201
2581
2372
929
459
1721
1400
2796
2682
3297
1054
3638
3469
1701
2641
3619
2528
1648
1634
3726
3264
2221
1799
2404
75
3751
1133
3429
2841
3317
2112
670
1582
2729
705
1451
1784
2354
1341
3266
871
2999
823
2836
41
1995
1666
431
32
985
1285
1036
3205
3173
2387
2669
3387
366
1526
515
1809
275
3179
1355
1017
3489
2627
3631
2695
2194
90
2057
3076
1443
2719
3243
3435
1035
2447
294
1918
1579
466
3171
3492
1127
726
2131
1438
2249
3420
562
391
3814
3194
1808
803
129
3475
8
954
3328
2630
145
2946
923
775
1468
290
1905
2702
498
2535
1397
2352
1555
1362
654
1925
978
691
3528
1217
1680
3097
2416
461
2358
3101
1988
3448
3208
77
2534
1795
2018
161
2280
2809
3090
2846
539
3769
388
1150
395
187
512
719
1059
1990
483
1394
2667
543
3760
510
2548
1860
2314
356
2954
2902
1314
3311
398
2972
397
1227
3403
1334
2365
2402
1008
3776
526
257
1417
1187
793
2409
3150
1575
2911
3455
3628
176
1535
2877
1479
295
2808
86
2661
135
1812
2325
1280
3572
2657
1360
628
3585
782
678
2451
2987
289
3454
3214
721
544
1455
617
822
3149
468
1274
3229
266
3616
1642
2590
2934
403
534
844
2555
531
1440
3768
3716
891
1276
3540
1768
942
17
3096
538
2100
1193
233
3483
1155
1294
1361
3371
3131
2595
1206
3718
2889
702
1602
2129
2323
1591
1347
864
2067
3689
1469
2598
322
635
2098
1305
3323
2355
3218
983
3702
1071
1124
117
1192
1762
1862
1463
626
1462
1510
164
248
2087
2672
746
143
3280
1081
3753
301
1270
2076
1801
364
1566
1377
3246
915
3719
1344
2601
831
2623
2678
2394
425
741
2551
1158
1747
906
1554
254
833
36
1481
221
1465
3478
3496
3717
3722
992
194
582
3003
3017
2165
3690
753
2346
671
2732
2299
503
1983
3315
1624
3207
1427
2817
1218
3664
141
1140
3725
2653
1735
1354
1663
1603
3344
3152
328
1949
3826
2912
2268
3198
1221
2794
3493
2564
1389
494
851
1584
1564
1899
676
3511
571
3696
2038
3413
1511
1977
282
2024
1461
3459
1320
1551
491
1559
3408
2959
3000
1639
3450
560
2989
3733
3471
1578
685
246
2444
3130
3673
1782
2964
3261
304
2480
3380
982
1718
965
264
1878
455
3697
1447
3402
3698
1665
2030
2482
771
2821
1162
925
325
1196
2612
3067
268
2439
84
2881
637
3282
88
2111
2904
329
2839
890
3709
1432
1586
2784
2155
2301
2425
1853
2440
854
2558
3347
2605
1962
707
1383
662
2123
2550
2824
3535
1669
2084
1670
452
3172
1234
3656
2475
856
849
137
2759
3409
2124
2810
3761
3590
2584
3306
575
1228
2484
1615
2628
2135
3298
1388
385
2802
2647
1601
3803
3187
535
1797
3600
2374
2943
701
2862
1703
607
293
1179
2991
2089
1569
3488
43
832
3270
2385
3390
2566
1410
2680
3117
2228
3746
2579
669
3061
507
1421
122
471
1819
450
986
1538
3474
2771
1384
3504
1247
3625
1545
2511
186
3754
661
1422
3568
667
889
1001
1844
592
48
2626
1840
640
861
636
3158
3140
35
2245
1337
3201
2007
1503
1477
2549
1233
919
51
3211
2930
3802
2384
521
2545
1185
2068
2652
151
1880
3054
365
1119
934
2159
1788
600
23
2541
1659
727
2141
2259
458
305
973
2592
1442
2368
2798
1287
2530
499
674
2146
2289
213
1031
1715
